0
238
252
181
202
190
1003
940
968
976
992
1001
1003
1007
1010
1012
1014
1015
1017
1019
1019
1020
1021
1023
1023
1023
1017
1023
1019
1017
1011
1012
999
994
939
996
997
998
995
997
994
990
991
983
979
970
967
968
965
950
933
924
926
929
931
918
972
933
919
911
897
893
888
894
895
899
905
772
912
807
590
516
375
640
654
816
873
887
898
904
915
909
976
764
848
356
548
657
700
762
806
838
917
426
545
698
795
863
873
1022
971
1023
947
952
897
908
879
866
795
772
799
814
844
888
985
926
845
848
878
884
871
879
897
903
450
967
931
971
908
974
882
964
949
839
919
955
923
897
918
907
930
590
860
914
869
1018
919
929
858
869
891
879
925
774
885
880
833
792
832
861
863
875
835
892
876
825
731
749
808
830
860
869
905
928
944
1023
843
847
842
844
831
881
975
886
941
941
501
942
990
1017
1023
1017
986
1010
987
869
960
968
947
929
954
972
670
840
912
998
968
916
895
894
899
928
925
917
886
913
904
915
905
904
867
810
839
737
692
0
0